>DFS
Location : 6 4 2 0 5 3 1
Time : 0.052354186

>BFS
Location : 0 2 4 6 1 3 5
Time : 0.31890945

>DFID
Location : 6 4 2 0 5 3 1
Time : 0.257529527

