>DFS
Location : 2 0 3 1
Time : 0.023096502

>BFS
Location : 1 3 0 2
Time : 6.70944E-4

>DFID
Location : 2 0 3 1
Time : 9.24995E-4

