>DFS
Location : 4 2 0 3 1
Time : 0.023081541

>BFS
Location : 0 2 4 1 3
Time : 0.002239738

>DFID
Location : 4 2 0 3 1
Time : 0.003787022

