>DFS
Location : 4 2 0 5 3 1
Time : 0.036415339

>BFS
Location : 1 3 5 0 2 4
Time : 0.016014753

>DFID
Location : 4 2 0 5 3 1
Time : 0.031848294

